58,313644133336314666641331441441336464633364444133313
58,313644133336666413314414413364646333644441333131314
58,313644133336314666641331441441336464633336444441333
58,133636363111466644441133633314446336641441336444131
58,313644133336314666641331146414413364646333644441333
06,644141414631136333664144464136633114411336364633144
58,313644133336314644413364633664133114464463336444413
58,313644133336314644413336666413311144646463336444413
58,313644133336314644136636641331146444136463336444413
58,313644133336314666641331441441336464633364444133314
58,313644133336314664144133646463336413364441336444413
58,313644133336446331466364444133333144463364444133641
58,313644133333646664133144144133646463336444413331311
58,313644133336314666641314144133646463333144636444413
06,644141414666311133336644144413333644413314633646331
58,313644133336446331466364441463133331444464133633644
58,313644133336314666641331441464633364444133314141336
58,313644133336314666641331441464633364444133313144413
58,133633314463663144446413133663641446331446311464633
58,313644133336666413314414413364646333364444413331313
58,313644133336666413314414413364646333644441333113314
58,313644133336314666641331441441336464633364413146644
58,133636363111466644441133633314446336641441313664441
58,313644133336314664144133646463313664133644413336444
06,644141414666311113633366441444131336364441333646331
58,133636363111466644133364641444113363644133364444131
06,644141414663111366446363311364141336444113363364413
58,313644133336314644413364646336313114646641336444413
06,644141414663111366446363331146314413336444411336336
06,644141414666311133336641444466333114413336463314441
58,313644133336446331466331446364444133364441333364146
58,313644133336446331466331446631464441333633144644413
58,133646313636311146664444133333646414441333364411446
58,133646313636311146664444133333646414441331446333364
58,313644133333644441336463366413311413644644633364444
58,313644133333644413663664133114136464441364633364444
58,133633146636311466444411336333144463366414413364441
58,313644133336314666641331144441336631446463336444413
58,133636363111466644441136333364641441333644441331446
58,133636363111466644441133633364641441333644413644131
58,133636363111466644441133633364641413364441336444131
58,313644133336314666641331146414646333644441333131444
58,313644133336314666641114413364636331144464633364444
06,644141414663111366446363311413364441413336336441366
58,313644133336314644136636641331146444633364444131136
06,644141414631136333664144464136633114414133363646331
58,313644133336314666641331146414413364646333364444413
58,313644133336314666641331441441336464633364444133136
58,313644133336446331466364444133333144463364444136314
58,313644133336446331466331446631464441333633144641364
58,313644133336446331466364444133333144463364413644413
58,313644133336314666641331441446633364444133314141336
58,313644133336314666641314144133646463333146413664444
58,313644133336446331466364441463133331444463336441441
58,313644133336314666641331441441336464633314636444413
58,313644133336314666641331441441336464633644413363136
58,313644133336314666641314144133646463333644444133331
58,313644133336314666641314144133646463333644131466444
58,313644133336314666641336444413331414466641131133646
58,313644133336314666641114413364646333364441336444413
58,313644133336314666641314144133646463313636441364444
58,313644133336666413314414413364646333136644444133331
58,313644133336314644413364646336313114664641313364644
58,313644133336314666641114413364636336444114633364444
58,313644133336446331466364441333314446336444146331446
58,313644133336666413314131464441336464633364444133313
58,313644133336314666641331144441336464633311366644444
58,313644133336314666641331144441336464633364444133331
58,313644133336314666641331144413664413646333644441333
58,313644133336666413314144413364646333644441333131314
58,313644133336314666641114413363646331414464633364444
58,313644133336666413314414413664633364444133311146333
58,313644133336666413314414413664633364444133313131464
58,313644133336314666641144633331441466336444413331414
58,133636363111466644133364444411336364413336446314441
58,313644133336666413144463333644444133331446311441336
58,313644133336666413144463333644131466444133131441336
58,633141364633314444636413366411336336444413336444413
58,636413314136463331444463366411336336444413336444413
58,313644133336314666641314446333364444413333144631144
58,313644133336314666641314446333364413146644413313144
58,313644133336314666641331114644413364646333644441333
58,313644133336314666641331114664144133646463336444413
08,146463631146644441113366336444641314133633364441463
06,146641146336314114444633146466313331136441314641363
06,146641311444466631331446311466333631411364413146413
58,133633314463663144441413633644641136413366463133364
58,636331314441364463663144633133364441446331336441131
58,636331314441364463331464663144633133364441446331336
58,633141364663644113333144446363136336444441336413336
06,644144463314114633336364144133631413146413644441333
58,313644133336314666463136411466311414413364646336444
58,133663133144636631444464631364413333141444136663136
06,644141414631136336444641311336646463313141336441366
58,133633314463663144636444146331314463631414133644463
58,133633314463663144636444146331314463364114133644463
58,313644133336314646366413314144413366446333644441333
58,313644133336666413314444633364444133331414413363314
06,644141414663111366446363311446311336444113363364413
58,133633314463663144636441314464136314133666413144641
58,133633314463663144636441314464136314641313366641314
58,133633314463663144636441314464136336441314133644646
06,411364114646414663331313146444663133136464114464663
58,133636363111466644441136333364444133364463144413314
58,133636363111466644441133633364444133364463144136441
58,133636363111466644441133633364441336444133646314441
58,313644133336314666641331441464136463336444413331414
58,313644133336314666641331441464113364646333644441333
58,313644133336314666641331441464113664633364444133314
58,133633314463663144636441314463146413133666414133644
58,313644133336314644413364646333641336444133644441333
58,313644133336314644413364646333641336444133311466644
58,133646313636311146664444133333644444133336446314114
58,133646313636311146664444133333644444133144633336446
58,313644133336314666641331441446633336444441311133646
58,313644133336314666641331441464633336444441331141336
58,313644133336314666641331441464633336444441333141413
58,313644133336314666641331441464633336444441333131444
58,313644133333646664133144144133646463333644444133313
58,313644133336314666641331441441336464636441363133644
58,313644133336314666641331441446633364444113113364644
58,313644133336666413314414646333644441333141413363314
58,313644133336314666641331444463336444413333141441336
06,644141414666311133336644144413333644413336463314411
58,313644133336314666641314144133646463333144633644444
58,313644133336314666641331441441336464633364441463146
58,313644133336314666641336444441333314144133646446314
58,313644133333646664133144144133646463336444413331131
06,644141414666311133336644144413333644413314633646631
58,313644133336666413314414413364646333364444413331133
58,313644133336666413314414413364646333644441333131136
58,313644133336314666641331441441336464633364444133331
58,313644133336446331466364441463133331444464133633631
58,313644133336314666641331144441336464633364444133313
58,313644133336314666641331441441366463336444413331331
06,644141414663111366446363311413364441133633644133666
06,644141414663111366446363311413364441133633644133646
58,313644133336446331466331446364444133364441333363146
58,313644133333644441336463366413311413644644633363146
58,313644133333644413663664133114136464441364633363146
06,644141414663111366446363311413364441133633644413366
58,133633146636311466444411336333144463366414413136644
58,133636363111466644441133633364641441333644413364441
58,313644133336314666641331144441336464633311366464444
58,313644133336314666641331441441336464633364441331464
58,313644133336314666641331441464633364444133136411413
06,644141414666311133336641444466333114413336441366331
58,313644133336446331466364444133333144463363146444413
58,313644133336314666641331441441336464633144633364444
06,644141414663111363364444636331144113363366641141336
06,644141414663111363364444636331144113363364463141363
58,313644133336446331466331446364444133364133641464413
06,644141414631136333664144464136633114464131133636463
06,644141414663111366446363311364141333144636444113333
06,644141414663111366446363311364141333666411444113363
58,313644133336314644413366366413311444646333644441333
58,133636363111466644441136333364641444133336444413631
58,133633314463663144446413141363364646313314664114146
58,313644133336314666641331146414413664633364444133313
06,644141414631136333664144464136633314144113363646631
58,313644133336314666641336444413331314444133646466411
58,313644133336446331466364444133333641314444664113363
06,644141414666311133336644144413333146644131336641336
58,133636363111466644133364641444113633644133364444133
58,133636363111466644133364641444113633644413314463333
06,644141414663111363364444636331144631411336364133641
58,133636363111466644441136333364444631133646441413314
58,133636363111466644441133633364444631133646441136441
58,313644133336314666641331444463311463636444413311413
06,644144463314114633331314641363146444633636314114413
06,644144463314114633331314641364446336363141414133636
58,133636363111466644441133633314463664144141336364414
58,133636363111466644441133633314463664144133644141364
58,133636363111466644441133633314463664144133644114631
58,133636363111466644441133633314414663366414413364441
58,313644133336641441336331466664114463333114464633644
06,644141414666311133336644144413313636444133146336463
06,644141414666311133336644144413313636444133364633144
58,313644133336314646366413311444466333644441331141336
58,313644133336314646366413311444466333644441333141413
06,146641146336314114444666311314646333311364413146413
58,313644133336314666463136414633141414413364646336444
06,644141414663111366446363311136441336413364641441136
58,133636363111466644441133633311444663366414413364441
58,133636363111466644441133633311446463366414413364441
06,644141414663111363336641444466333114411336364633144
06,644141414663111363336641444466333114411336364146363
06,644141414663111363336641444466333114411336364413663
06,644141414663111363364444636333141441133633644136314
06,644141414663111363364444636333141441133636413364641
06,644141414663111366446363331144133364463144411336363
06,644141414663111366446363331144133364463136414441133
06,644141414663111366446363331144133364444113363646313
06,644141414663111366446363331144133364444113363631464
06,644141414663111366446363331414133644411336336464113
06,644141414666311133336641444463333144633144413333644
58,313636363111464441466333636414641413366314441333644
58,133666333111466314463144463644133641336463131144441
58,133663133144636631444463331446311446364411363644133
06,644113144664463314114633146331466336411133644133644
06,644113144664463314114633146331466336314113144633644
58,663331133144636631444446311136364411463366413364631
58,313644133336314644413364633314666413311446446333364
58,133664463331133144636631446314463114464633146413631
06,114446644633141146333364413336441311466413146463313
06,114446644633141146333364413336441311463136446413146
06,644133644144411133633314463664641414133641333663144
58,133636363111466644414136333364641444133646411313633
06,644144463314114633331314463663641441314463336314144
06,644141414666311133336641463144446333144133364413336
58,313644133336314644133646366413311146644413646333644
58,133646313636311146666441441333336446414413333644114
58,133646313636311146666441441333336446414413314463333
58,313644133336314644136633146664133114644413646333364
06,644141414666311113633644446333144113363641336414636
06,464141414666311466333331414441333364463314444133364
06,644144463314133313646441144631336441333644133641336
58,663331133144636631464144113636444631114633664133366
58,331463136314646336314146631444146363644133336441331
58,331463136314646336314146631444636441333364413314441
58,364113363636311146664444133333646414413336444131464
58,663331133144636631444446331414133636631446314463641
58,663331133144636631444441133636446333144631414413646
58,663331133144636631444441133636446333144144136463363
58,663331133144636631444441133636446333146411441364633
58,363336311146666414441113366314446333336444441333366
58,363336311146666414441113366314446333336464414413333
08,146463631146646414411133663364441413363336444146463
58,133636363111466644441133641363331444633644413364441
58,133636363111466644441133641363336464144133364441364
06,114446644633141146331463364131463314663131464413364
06,114446644633141146333336644141331444633633641314414
06,114446644633141146333336644141331444633146363364131
06,114446644633141146333336644141331466336413144413146
06,114446644633141146333336644113146641131464633633641
06,114446644633141146333331446366414114633146333646314
06,114446644633141146333331446366413631444114633146333
06,644144463314111364463333636414413363141314446331464
06,414441466631146333141466333113146444663313144133364
58,133666333111466314463144466413336311444413646336463
58,133666333111466314463144466413364133646313114444136
58,133666333111466314463144466463314133646313114444136
58,133666333111466314463144463363114444136463646313641
58,133666333111466314463144463363114444136463646331463
58,133666333111466314463144441366364413364133646313114
08,146463664133644414411133663644141336464633313311464
58,133646313636311146666414441333336444441333366414114
58,313644133336314644641133636664133144446333644441333
58,313644133336314644641133636664133144446331146363644
58,313644133336666413311146444136646333131441463366644
58,313644133336666413311146444136646333644441333313144
58,133636363111466664144411336333144463366441413644131
58,133636363111466664144411336333644441333664144136441
58,133636363111466664144411336333644413366414413364441
06,644113144664463314114633314463633364131413644413364
58,313644133333646664133114136444413333641464646333644
06,644141414663111366446333141336444113363364413664446
06,644141414663111366446363131413364441133633644136644
58,313644133336446333144663314463644441333644413333641
58,313644133336446333144663314466314644413336331446444
56,631314113644133363314463663644131441466413363114631
06,114446644633141146331463631314641364633131464133644
58,133663133144636631444464633133146413644133144146633
06,114446644633141146333331466641413366314411364413146
58,133636363111466664144411363333644441333664144413314
58,133666333111466314444413663366414413333644413336641
58,133636363111466664414411336333144463364641413644131
58,133636363111466664414411336333644641413336444136441
06,644141414666311133644463331133146644413313664411333
06,644141414663111363644463633131413364444113363646313
58,133636363111466644441136333314444633144633364444133
58,133636363111466644441136333314446314463336641444133
58,313644133336641331466664133114444133646463336444413
58,313644133336666413314414413336314464646333644441333
58,313644133333644441336464633631311413646466413364444
58,133633314463663144446463311136636441413364114413646
58,133636363111466664414411363333644641413336444413314
06,644141414666311133336641444413333146644131336646331
58,313644133336314666641331146444633314136664444133311
58,313644133336314666641331146444633314144133636664444
06,644141414631136336444641311336364464633131413364146
58,313644133336314646366413311446446333644441333311444
58,133636363111466644441133633314144663366414413364441
58,133636363111466644441133633314146463366414413364441
58,313644133336314644136636641331444413646333644441333
58,313644133336446331466364133644444133336444413364133
58,313644133336314666641114646333311444663364444133314
58,133636363111466644441136333364441336464144133144633
58,313644133336314646366413311464144663336444413311413
58,133636363111466644441136333364644141333644441331446
58,133636363111466644441133633364644141333644413644131
58,133636363111466644441133633364644113364441336444131
58,313644133336314664446336313114444133666641336444413
58,313644133336314664144133646463363131446641336444413
58,313644133336314664144133646463363131446641333146644
06,644141414663111366446363311413336664114441133633644
06,644141414663111363364444636331144141333636413364641
58,313644133336314644413364646336313144664133644441333
58,313644133336446331466331446631464413363314464114646
58,313644133336446331466331446631464413363314464414633
58,313644133336446331466331446631464414631336331446411
58,313644133336314644413366366413311464446333644441333
58,133646313636311146664444133333646441441333364411446
58,133646313636311146664444133333646441441331446333364
06,644141414631136333664144464136633131444113363646331
06,644141414631136333664144464136633131364144411336313
06,644141414663111366446363311413364446413113363364413
58,313644133336314644413364646336313114466641336444413
58,133636363111466644441133633364641441413363364441411
58,133636363111466644441133633364641441136336444133644
58,133636363111466644441133633364641441136336444136441
58,313644133336314666641331146414646333364444413331314
06,644141414663111366446363311413364441333364413664144
06,644144463314114633336364144133136641413146446333144
56,311413363331446366364414631314441336446331446314463
56,311413363331446366364414631314441336446331446331444
58,313644133336314644136636641331146441466333644441313
58,313644133336446331466331446631464441331466411336363
58,313644133333644413663664133114136464446333644441311
58,133636363111466644441133633364641441331446313636444
58,313644133336666413314131464441336464633331146664444
58,313644133336314666641331144441336464633336444441333
58,313644133336446331466331446631464441333644413363331
58,313644133336314666641314144133646463333114446363644
06,644141414666311133336644144413333644413136364633144
06,644141414663111363336444446363311441133636463136414
06,644141414663111363336444446363311441133636463136441
58,133636363111466644441136333364641441333644114641366
58,313644133336314666641331444463336444413313641314413
58,313644133336641441336336466413311146446463336444413
58,313644133336314666641331441441336464633364411364644
06,644141414663111366446363331146314413336444414133363
58,313644133336314666641331144441336631446463333644444
58,133636363111466644441133633364641441333644411463141
58,313644133336314666641331146414646333644441331141336
58,313644133336314644136636641331146444633364441113646
58,313644133336314664144133646463336413364441331364644
06,644144463314114633336364144133631413146413644413336
06,644141414663111366446363311413336641463314444141333
58,313644133336314666641331146414646333644441333141413
58,313644133336314644136636641331146444633364444113136
58,313644133336666413314414413364646333644441333146331
58,313644133336446331466331446631464441333633144641146
58,133633314463663144441413633644641136413366463133146
58,133633314463663144441413633644641136413366463133644
58,133663133144636631444464631364413333141444136663364
58,133663133144636631444464631364413333141444136663314
06,644141414666311113633366441444131336364441333646631
06,644141414663111366446363311364141336444113363364146
58,313644133336314666641331441441336464633364444133363
58,133646313636311146664444133333644444133144633336464
58,313644133336314666641331441441336464633364441331446
58,313644133336446333144663314466314644413336331446413
58,313644133336666413314414413364646333644441333133641
58,313644133333646664133144144133646463336444413333111
58,313644133336666413314414413364646333364444413333113
08,146463631146644441113366336444641314133633364446314
06,146641311444466631331446311466333631411364413144631
58,313644133336446333144663314466314644413336331444631
58,313644133336314666641331441441336464633336444131466
58,313644133336314666641331441464633364444133314411336
58,313644133336446331466364444133333144463364413364444
58,313644133336446331466364444133333144463364413144664
58,313644133336314666641331441446633364444133314411336
58,313644133336314666641331441446633364444133314411366
58,313644133336314666641331441441366463336444413113136
58,313644133336666413314144413364646333644441333311364
06,146641146336314114444633146466313331136441314463146
06,644141414666311133336644144413333644413136364411366
58,313644133336314666641331441464633364444133141133646
58,133636363111466644441133633364641413364441363146441
58,313644133336314666641331441441336464633314664441331
08,146463631146644441113366336444141336333644463141466
58,313644133336314666641331441446633336444441333141413
58,663331133144636631444446311136364411463366463133146
58,313644133336314664144133646463336413364444413631336
06,644141414666311113633366441444131336364444133336463
58,313644133336314666641114413364646333364444413136331
58,313644133336314666641331441464633141413366636444413
58,313644133336444133633146666413314444633313664444413
58,313644133336666413314131464441336464633336444441333
58,313644133336666413314414646333644441333311314644413
58,313644133336314666641336444441333314144466333314444
58,313644133336314666641336444441333314144466333144413
58,313644133336446331466364444133333144463644413363136
06,644141414666311113633366441444133336444411336336463
58,313644133336314666641144633331441441336466336444413
58,133633314463663144636444146331314463364413141336444
58,133633314463663144636441314464136336441463131413364
58,313644133333646664133144144133646463331366444441333
06,114446644633141146333364413336441311466311464463113
58,363336311146666414441113366314446333336644144413333
58,313644133336314666641331444463331414466331366444411
58,313644133336666413314414413364646333146364444133136
58,313644133336666413314414466333644441333141413363314
58,313644133336314666641144633331441441366633644441333
58,313644133336666413141441336464633331464136644441331
08,146463631146644441113366336444141336364146641336311
06,644141414631136336444641311336646463331141336441366
58,313644133336444133636664133144446333136644444133331
06,114446644633141146333364413336441314633141464463113
06,644141414631136333664144466331146441336411133636463
58,313644133336314666641114646333314446336444413311413
58,313644133336314666641144633331441446363364444133314
58,313644133336314664144133366664133144446333644441333
58,313644133336666413141441336464633336441314664441331
58,313644133336314666641331114644413366314464633364444
58,133663133144636631444464631364413331144413666313631
58,133633314463663144636441314464136313664131446413133
58,133646313636311146664444133333644441333644631411446
58,313644133336314666641331441464633313664444413333114
58,313644133336314666641331441464633314636444413311413
58,313644133336666413314414413363314464646333644441333
58,313644133336314644413364633664133641311446446336314
58,313644133336314644413364633664133644444133331146446
58,313644133336314644413364633664133644441333114644664
58,313644133336666413314414413664633111463331446663644
58,313644133333646414413363666413314444633364444133331
06,146641311444466631331446311466333113644131464136366
06,644141414631136336444641311336646331413364413664446
58,133636363111466644441136333364444413333644441363631
58,133636363111466644441136333364444413333644631444136
58,133646313636311146666414441333336644144413333644114
06,644113144664463314114633314463633631411314641364413
06,644141414666311133336641444413333664144133364114633
58,313644133336666413314414413363364444633364444133331
58,313644133336314644413336666413364131114464646336314
58,313644133336444133636664133141364414646333644441333
06,644141414666311113633366441444113633364441136336463
58,133633146636311466444411336333114446633664144133644
58,133633146636311466444411336333114464633664144133644
58,133636363111466644133364444411363364441331446333364
06,146641146336314114444633146466331331136441314641363
58,313644133333646664133141444133646463336444413331311
58,133636363111466664144411336333664144133664144133644
58,133636363111466664414411336333664441413336444136441
58,133636363111466664414411336333664441133644413364441
58,133636363111466664414411363333664441413336444413314
58,313644133336314666641314146463333644444133331441413
58,313644133336314666641314146463333644131466444133114
58,313644133336314666641314146463333146413664444133114
06,644141414631136333664144464131133636446463313146331
58,313644133336314644136636641336413114644413646336314
58,313644133333646664133144144136646333644441333111463
58,313644133333646664133144144136646333644441333133114
58,313644133333646664133144144136646333644441333131136
06,644141414666311133336644144411333636444411363336463
58,133633314463663144441336446411313666463133364444114
58,133633314463663144441336446411313666414136663133364
58,313644133336314666463136414631141441336464633644413
58,133666333111466314444413663364441333364441333136644
06,411364114646414663331314631314636464114464663331144
06,644144463314114633331364644114413336314641336446331
58,313644133336314666463131441441336464633641336444413
06,644114414666313141136333644444633314441133363646313
06,644114414666313141136333644444633314441133363644136
06,644114414666313141136333644444633333144413313664444
58,313644133333644441333364413666641331441464633364444
58,313644133333646664133141136644144133646463336444413
06,411146336441444663331311364446446633311363114144646
58,313636363111464441466333646313644414133644133364413
58,133663133144636631444463331464131446641136364413663
06,644113144664463314114631364133646331136641413364114
06,411146336441444663331136444466333114146631133314636
06,411146336441444663331136441464663331114466313133146
06,411146336441444663331136441464663331113314636414446
58,133633314463663144636441364413314464633141133664144
58,133633314463663144636441314463631411464136641336463
58,133633314463663144636441314463641463331446331411464
06,114446644633141141363146633336644141331466336413144
06,644114414666313141136644633331441336444411333633644
06,644144463314114633336641413313664411336641131446444
58,313644133336314644136631364664133114644413646333644
06,146641146336314114444663131466333113644131464136364
58,133633314463663144636414446333114463141336444663314
58,133633314463663144636414446333114466311413364446631
58,133633314463663144636414446333114466311413364446364
58,133633314463663144636414631144636414136314133644641
58,133633314463663144636414631144636414136314641313364
58,133633314463663144636414631144663111466463314141363
58,133633314463663144636414631144641363141336446463314
58,133633314463663144636414631144646331411336641446631
58,133633314463663144636414631144646331411336641446364
58,133663133144636631444644631136641333141444136463336
58,133663133144636631444644633141466331331466411314463
58,633141364633314444636413363336444413364441313363644
58,133633146636311466644144113633331444463314463336464
56,631111363336664414411333636441364414141336446333146
56,631111363336664414411333636441364414141336446331364
56,631111363336664414411333314663644136441414133644633
58,133633314463644464131413633663314644463113364641141
58,133633314463644464131413633663314644463114146313633
58,636413314136463331444463363336444413364441313363644
06,644144463314133363641441336314131446444133363146441
06,644144463331144631144133364463314133631464133644441
06,444446331411463333631464413364113364413136641146444
06,444446331411463333631464633144413313664411331446444
06,444446331411463333644131336463144131366464131146444
15,136441314441466631331413336444463114646333331441314
58,313646663144133631131464633631414446336364414463314
06,464141336631441314641333664144414666311133314636444
06,441444636311144636633314411133631464446331413364633
06,441444636311144636633314411463314133631464633144413
06,411364114644466333131136444633631141446466331144646
56,631314146631113633366644114441133363636441413364413
56,631314146631113633366644114441133363636441146331446
56,631314146631113633366644114441133363636441146331314
56,631314146631113633366644114441133363636441314641336
56,631314146631113633366644114441133363314663644114633
06,644144463314114633331314641364444633363631411314644
58,663333314636414131364144633144463331444641363146631
58,663333314636414131364144646313314446413633314444633
06,644111331466446446331411463331136444636333641314414
06,644111331466446446331411463331136444636333641314441
58,133633146636311466641444113633331444463314463336644
49,641336463336311146446331466444133363131444446336463
58,133633314463663146641136444411336313666441413644131
58,133633314463663146641136444411336364413644131333666
58,133633314463663144446463314113364631446411314636633
58,133633314463663144446463311363644131446314133644463
58,133633314463663144446463313364414113364631444633644
58,133633314463663144446463313364414113366414641131463
58,133633314463663144446463313364414413133664446331146
58,313644133336666413311444413364646333136644444133311
58,313644133336666413311444413364646333113666444441333
58,313644133336666413311444413364646333644441333313146
06,464441411313664466333111364464111336336446441133366
58,313644133333644441333364146366641331114464646333644
49,641336463336311146446313646313646414441333144463364
58,313644133333646664133111466414413664633364444133311
58,313644133333646664133111466414413664633364444133313
58,313644133333646664133111463644144133631464646333644
58,313644133333646664133111463644144136646333644441333
58,313644133333646664131414413364646333314463644441333
58,133633314463663144441336441413636464631364413333364
58,133633314463663144441336441463641113636646313336444
06,644144463314114633336441331314641364444133336663641
58,633141364663133144446363641463131363364444133364414
06,644141414631136336444113366466414633146331314133644
06,644113144664463314114633331314641364446363336413144
58,133666311331446366314641364644146331413314463364414
58,313644133336446331466331446641336444413336444133336
58,313644133336666413314131464464633364444133114133636
58,313644133336666413314131464464633364444133313144413
58,313644133336314664144133646363641336444114633364444
58,133636363111466644414136333364444413364641131363364
58,313644133336314644646336313114664641313364644441331
58,633141364633314444636413366411146633136336444441333
58,313644133336314646366413314144646333644441333311444
58,133633146636311466444411336333644441333644631441364
58,133633146636311466444411336333646414133644413364441
58,313644133336666413314444633314636444413313144133633
58,313644133336666413314444633314664441331314413363314
58,133633314463663144446413133663364441463136441331446
58,364113363636311146664444133333644441333644631441314
08,146463631146646414411133663364446413141336333644414
06,114446644633141146331463631314466331146331464131464
58,313644133336314666641331441441364663336444413331414
58,313644133336666413314444633314136664444133313144413
58,313644133336314666641144633331444633644441333114413
58,313644133336314644633664133141446463336444413333144
58,133636363111466644441133633364446314133664144133644
58,313644133336444133633146666413144463333644444133331
58,313644133336314666641331441441333644646333644441333
06,644141414663111366446633311413364413336441366414411
58,133636363111466644441133641363336444413336444136631
58,133636363111466644441133641363336444413336446314413
58,313644133336314666641331144464633364444133331144413
58,313644133336666413314414413664633336444441333111463
58,313644133336666413314414413664633336444441333131314
58,313644133336314666314414413364646333644133144633644
58,133636363111466644441133633364444141336336446314414
58,133636363111466644441133633364444113633644413644136
58,133636363111466644441133633364444113633644631441364
58,313644133336314666641331444463331463644441331314413
58,313644133336314666641331444463331466444133131441336
06,644141414666311133336644144413333664144133146336466
06,644141414666311133336644144413333664144133364114633
06,644141414666311133336644144413333664144133364133641
58,133633314463663144446413133646463133364441141413646
06,644141414663111363336641444466333114133644411363663
58,133636363111466664414411336333644641133644413364441
58,313644133336314664144133646463363146413336444441333
58,313644133336666413314144413364646333114636644441333
58,313644133336666413314144413364646333113646644441333
58,313644133336666413314144413364646333364444413331313
58,313644133336666413314144413364646333314636444441333
58,133636363111466644133364444411336364631441333664144
58,133633314463663144636444146331314463141336444633631
58,133633314463663144636444146331314463141336444633364
58,313644133336314646366413314146446333364444413333114
58,133633314463663144636441314464136314463113366641314
58,133636363111466644441133633364444133144631363644631
58,313644133336446331466331446364444133644131363364114
58,313644133336446331466364444133333144636411446641133
58,313644133336314666641331444463331414136366644441331
58,313644133336314666641331444463331414136366644441333
06,644141414666311133336644144413333644633146414133146
58,313644133336666413311146444136646333136644444133313
58,313644133336314666641331441441366463333644444133314
58,313644133336314666641331441441366463333644444133313
58,313644133336314666641144633331441466333644444133314
58,313644133336314666641314446333364413141446633644411
58,313644133336314666641314446333364413141441336666444
06,644141414631136336444641311336646463311133646411363
58,313644133336444133663664133141464463333644444133331
58,313644133336314666641331441464136463333644444133314
06,644141414666311133336644144413333644133646331441146
06,644144463314114633331364636414413131464441333663364
58,313644133336314644466333644111413366633141464633644
58,313644133336314666641336444441333314144646311133646
58,313644133336666413314131464441336464633311463664444
58,313644133336666413144463333644444133331414413363314
58,313644133336666413144463333644444133331414413366463
58,313644133336666413144463333644444133331414413366641
58,313644133336666413141441336464633331446336444441333
06,644144463314114633336364144133631413144641363146444
06,644141414663111366446363311446311336444141333633644
58,313644133333646664133144146463336444413311413363136
58,133636363111466644441136333364444133364441366314441
58,133636363111466644441136333364444133364444133144633
58,313644133336314666641331441464113664633336444441333
58,313644133336444133633146666413314444633336444441331
58,313644133336314666641331441441336446633336444441311
58,313644133336666413314414646333644441333113364444133
58,313644133336666413314414646333644441333114413363314
58,313644133336446331466364444133333144463331466444413
58,313644133336314666641331441464633364444111133364414
58,313644133336314666641331444463336444413331144133636
58,313644133336666413314131464441336464633331463644444
58,313644133336314666641331441446633364444133114133646
58,313644133336446331466364441333314446336441314464631
58,313644133336314666641331144413664413646333311466644
58,133633314463663144636444146331314463631414463113364
58,133633314463663144636444146331314463364114463113364
58,313644133336314646366413314144413366446333364444413
58,313644133333646664133144146463336444413331414133631
58,313644133333646664133144146463336444413331414133646
58,313644133336314666641331441464113364646333364444413
58,313644133336314666641331444463333644444133331414413
58,313644133336314666641331441446633336444441131133646
58,313644133336666413314414646333644441333131444133633
58,313644133336314666641336444413331414413364441336646
58,313644133336314666641331144441336464633363146444413
06,114446644633141146333364413336441311463136444463314
06,644144463314114633336364144133136641413146444633331
06,644144463314114633336364144133136641413146444133366
58,313644133336314666641331441441336464633314633644444
58,313644133336314666641314144133646463333644136444413
58,313644133336314666641331444463331366444441331314413
58,313644133336666413314144413364646333644441331331314
58,133636363111466644133364444411336364413336444413136
58,313644133336314666641314446333364444413333141441336
58,313644133336314666641331114664144133646463333644444
58,133636363111466644441136333364444133364463141146413
58,133636363111466644441136333364444133364463141463114
58,133636363111466644441133633364441336444133644413136
58,133646313636311146664444133333644444133336441144633
06,644141414666311133336644144413333644413336466313144
58,313644133336314666641336444441333314144133644664131
58,313644133336446331466364441463133331444464136333644
58,313644133336314666641331441464633364444133311441336
58,133633314463663144446413133663641446331446314463131
58,313644133336314644413364633664133114464463333146644
58,313644133336314644413336666413311144646463333146644
58,313644133336666413314414413364646333644441331313314
58,313644133336666413314414413364646333644441331331314
58,313644133336314666641331441441336464633364441314664
58,313644133336314646366413311446446333644441333331414
58,313644133336314666641331441446633364444133314113664
58,313644133336314666641314144133646463333146413636444
08,146463631146644441113366336444141336333644414636311
06,146641146336314114444633146466313331136441314636414
06,146641146336314114444633146466313331136441314636441
58,133636363111466644441133633364444133364463144141364
58,133636363111466644441133633364444133364463144114631
58,133646313636311146664444133333644444133144633364631
58,313644133336314666641331441441336464633336444414631
08,146463631146646414411133663364441413363336444146641
58,313644133336314666641314144133646463333644444133136
58,313644133336666413314131464441336464633364444133133
58,313644133336314666641331441441366463336444413331114
58,313644133336666413314444633314133146666444413331314
06,146641311444466631331446311466333631411364413146364
58,133633314463663144636441314464136314133666413144463
58,313644133336444133633146666413314444633364444133331
58,313644133336314666641331441441336464636441363133364
06,644141414666311133336644144413333644413336463314141
58,313644133336446331466364441463133331444464133633314
58,313644133336666413314414413364646333644441333113136
58,313644133336314666641331441441336464633644413363133
58,313644133333646664133144144133646463333644444133311
58,313644133336666413314414413364646333364444413331311
06,644141414663111366446363311413364441133633644136644
58,313644133336666413314414413364646333364444413331336
06,644141414666311113633366441444131336364441333646311
06,644141414663111366446363311413364441413336336441336
06,644141414631136333664144464136633114414133363646364
58,313644133336446331466331446631464441333633144641314
58,313644133336666413314131464441336464633364444133333
58,133633314463663144441413633644641136413366463133314
06,644141414666311133336644144413333644413336463314444
06,644141414663111366446363311413336641463144411336336
58,133646313636311146664444133333646414413336441144663
06,644141414663111366446363331144133644411336336446364
06,114446644633141146333364413336441311466413146463331
58,364113363636311146664444133333646414413336444131446
58,663331133144636631444441133636446333144144136463336
06,114446644633141146333336644141331444633633641314441
06,114446644633141146333331446366414114633146336631441
58,313644133333646664133114136444413333641464646333631
58,313644133336446333144663314463644441333644413333631
06,644141414663111363644463633131413364444113363646331
58,313644133336446331466331446631464413363314464114664
06,644141414663111366446363311413364441333364413664114
58,313644133336314666641331441464633313664444413333131
58,313644133333646664133141444133646463336444413331331
58,313644133333646664133141444133646463336444413331336
58,313644133336314644136631364664133114644413646333631
58,313644133336666413311444413364646333644441333313114
58,313644133333644441333364146366641331114464646333631
58,313644133336666413314444633314133146666444413331331
58,313644133336444133633146666413314444633364444133314
58,313644133336446331466364441463133331444464133633364
06,114446644633141146333336644113146641131464633636314
58,133666333111466314463144466463314133646313114441463
58,313644133336666413311146444136646333644441333311414
58,313644133336666413311146444136646333644441333314114
56,631314113644133363314463663644131441466413363113366
06,114446644633141146333331466641413366314411364414631
58,133666333111466314444413663366414413333644413331364
58,133666333111466314444413663366414413333644413331366
58,313644133336641331466664133114444133646463336441314
06,644141414663111366446363311413336664114441133636463
58,313644133336446331466331446631464414631336331441446
58,313644133336446331466331446631464414631336331444146
06,644141414631136333664144464136633131444113363644463
06,644141414631136333664144464136633131444113363644633
06,644144463314114633336364144133136641413146446331413
58,313644133336446331466331446631464441333644413364136
58,313644133336314666641331441464633364413146644131113
58,313644133333644441333364413666641331441464633363146
58,133633314463644464131336441413646313664631333146413
06,644141414666311133336644144413333644133646331444413
58,313644133336446331466364444133333641314466314144664
58,313644133336314666641331441441336464633336441133644
58,313644133336314666641331441441336464633364441313644
58,133646313636311146664444133333644444133144633363641
58,133636363111466644441133633314146463366414413136644
58,313644133336446331466364133644444133336444413631463
58,313644133336314666411441336464636331314464631464413
58,133636363111466644441136333364441336464144133364114
58,313644133336314646366413311464144663336444413131413
58,133636363111466644441133633364644141333644413364441
58,133636363111466644441133633364641441136336444413336
58,133636363111466644441133633364641441136336444413364
58,313644133336446331466331446631464441333644413633331
06,644141414663111363336444446363311441133636463314631
58,133636363111466644441136333364641441333644114463641
58,133636363111466644441133633364444133364641413366414
06,644113144664463314114633314463633631411314463364441
58,133633314463663144441336441463641113636646313641336
58,313644133336666413314131464464633364444133313314444
58,313644133336314666641331144464633364444133331463114
58,313644133336314666641331441441336464633136413364644
58,313644133336314666641331444463333644444133331314444
58,313644133336314666641331441441336464633314633146644
06,644141414663111366446363311413364441333364444113633
06,644144463314114633336364144133136641413146413644136
06,644144463314114633336364144133136641413146413644633
58,313644133333644413663664133114136464446333631464444
58,313644133336314666641314144133646463333114664136644
58,313644133336314666314414413364646363314463114663314
58,133633314463644464131336441413646313664631363131446
58,313644133336314666641331144464633364444133313146631
58,313644133336314666641114413364646333144633364444413
56,631314141336441333633144636664114133663144631444146
56,631314141336441333633144636664114414663131336631446
56,631314141336441333633144636636441313641441446633314
56,631314141336441333633144636636441313641441364414663
56,631314141336441333633144636636441313641444146631313
56,631314141336441333633144636636441314414466333146413
56,631314141336441333633144636636441314413364441466313
56,631314141336441333633144636636441314413336641444146
56,631314141336441333633144636636441314441466313133366
56,631314141336441333633144636636441363141441333146644
56,631314141336441333633144636636441363141444146631313
56,631314141336441333633144636636441331444136441466313
56,631314141336441333633144636441336636441331146444146
56,631314141336441333633144636444146631313366364413311
56,631314141336441333633144636444146631313331466636441
06,114146466446331411463333644133364413113644641314646
06,114146466446331411463333311446366441336411336444131
06,114146466446331411463333311464631364664141146331463
06,114146466446331411463333311464636641411463136313646
06,114146466446331411463333311464636641411463331364641
06,114146466446331411463333311464636641411463314633136
06,114146466446331411463336411463331446363131464131364
06,114146466446331411463336411463331446363131146641331
58,133644136466333113314463663146411464463314466331133
06,644141363364114144466631146331413646333314131446314
06,644141363364114144466631146331413646333314131464136
06,464141336631441311466413336641444146663111333644413
06,464141336631441311463366414413364441466631113336444
06,644114414666313141136333664441441313366413364441333
06,644141414666311113633366414444131336366414413336413
06,644141414666311113633366414444663331144113363646331
06,644141414666311113633366414444663331144113363641463
06,644141414666311113633366414444663331144113363644136
06,644141414666311113633366414444663331141336463314444
06,644141414666311113633366414444663331141336444113636
06,644141414666311113664466333114133644411336336441366
06,644144463314114133641466333313146441336441333646644
06,644144463314114133641466333313646364144131314463633
06,644144463314114133641466333363641441331366414131446
06,644144463314114133641466333363641441336314131444633
06,644144463314114133641466333364413313146441336441333
06,644144463314114133641466333364633144413313146413631
58,331463136314663631414463631144641336464413366441133
58,331463136314663631414463631144641336466413336441463
58,331463136314663631414463631144641336466413336444136
58,331463136314663631414463631144641466336441314633336
58,313644133336314666641331144441336464633131466364444
58,133636363111466644441136333364444133364641441331446
58,313644133336666413314444633364444133331131464441336
06,644144463314114633331314641364444633363631414141336
58,313644133336666413314131464464633364444133314141336
06,114446644633141146333364413336441311464463311466313
58,313644133336666413314131464441336464633331466444413
58,133636363111466644441136333364641441333644414633114
58,313644133336314644413336666413311144646633641414633
06,644141414663111366446363311413336641463144414133363
06,644141414663111366446363311413336641444113363364463
58,133636363111466644441136333364641441314641363336441
06,644144463314114633331364636414413131464463331441366
58,133636363111466644441136333364641444133336441146664
58,133636363111466644441136333364641444133336441463114
58,133636363111466644133364444411336364413336464144131
58,133636363111466644441133633364441336444133664144131
58,133646313636311146664444133333644444133336464111446
58,133636363111466644441133633364444133364641413644131
58,133633314463663144441336441463641113636646313314463
58,133633314463663144441336441463641113636646313314664
58,133633314463663144441336441463641113636646313364414
58,313644133336666413314414413364646333644441331364131
58,313644133336666413314414413364646333644441331364133
06,644141414663111366446363311413364441133633644446313
06,644141414666311133336641444466333114413336441314636
06,644141414666311133336641444466333114413336441314663
06,644141414663111366446363311364141333144636444141333
06,644141414663111366446363311364141333666411444141333
58,313644133336314644413366366413311444646333114663644
06,644141414666311133336644144413313636444133364663131
58,313644133336314646366413311444466333644441331113636
06,644133644144411133633314463664641414133641333644136
58,133636363111466644414136333364641444133646411333364
58,133636363111466644441133641363336464144133364414631
06,114446644633141146333331446366414114633146333664136
58,133636363111466664144411336333644441333664144141364
58,133636363111466664144411336333644441333664144114631
56,631314113644133363314463663644131441466413363141364
58,313644133336444133633146666413314444633364444131133
58,133633314463663144441336446411313666414136663133146
58,133633314463663144441336446411313666414136663133644
58,133633314463663144441336441413636464631364413333146
58,133633314463663144441336441413636464631364413333644
06,644141414631136336444641311336646463313141336464411
58,313644133336314666641336444441333313144441336464463
58,133636363111466644441136333364641444133336444413314
58,133633314463663144446413141363364646313314664114413
58,313644133336314666641331444463311463636444413311136
06,146641146336314114444666311314646333311364413146364
06,644141414663111366446363311136441336413364641441413
06,644141414663111363364444636333141441133633644136641
06,644141414663111366446363331144133364463136414441413
58,313644133336314644413364633314666413311446446333631
06,644141414666311133336641463144446333144133364413136
06,644141414666311133336641463144446333144133364413146
58,313644133336314644136633146664133114644413646333631
06,644141414666311113633644446333144113363641336414463
06,644141414663111366446633311413364441133633644136414
06,644141414663111366446633311413364441133633644136441
06,644144463314133313646441144631336441333644133641136
06,644144463314133313646441144631336441333644133641146
08,146463631146646414411133663364441413363336444146363
58,133636363111466644441133641363331444633644413364631
58,133636363111466644441133641363331444633644413364641
06,644141414663111366446333141336444113363364413664146
58,133666333111466314444413663366414413333644413336446
58,133666333111466314444413663366414413333644413336314
58,313644133336314646366413311464144663336444413311136
58,313644133336314666641331146414646333364444413331414
58,313644133336314644136636641331146441466333644441133
58,313644133333644413663664133114136464446333644441131
58,313644133336314666641331441441336464633364411364136
58,133663133144636631444464631364413333141444136663631
58,313644133336446331466331446364444133364441333364413
58,313644133336446333144663314466314644413336331446411
08,146463631146644441113366336444141336333644463141464
06,644144463314114633336641413313664411336641131446441
06,644144463314114633336641413313664411336641131446446
06,444446331411463333631464413364113364413136641146441
06,444446331411463333631464633144413313664411331446441
06,444446331411463333631464633144413313664411331446446
06,444446331411463333644131336463144131366464131146441
06,644144463314114633336364144133631413144641363146441
06,114446644633141146333364413336441311463136444463311
58,313644133336314666641331441441336464633364444133336
58,313644133336314666641331441441336464633364444133333
58,313644133336314666641331144441336464633364444133314
58,313644133336314644413366366413311444646333644441331
58,313644133336314666641331146414413664633364444133314
58,133636363111466644133364641444113633644133364444131
06,644141414666311133336644144413313636444133146336466
06,644141414663111366446363331144133364444113363631466
06,644141414663111366446363331144133644411336336446311
58,663331133144636631464144113636444631114633664133364
06,114446644633141146333336644141331444633633641314411
58,313644133336666413311146444136646333644441333313146
06,644141414663111366446363131413364441133633644136641
56,631314113644133363314463663644131441466413363114633
06,644141414663111366446363311413336664114441133633646
58,313644133336446331466331446631464414631336331446413
06,644144463314114633336364144133136641413146446333141
06,644144463314114633336364144133136641413146446333146
06,644141414663111366446363311364141336444141333633641
58,313644133336666413314414413364646333644441333146333
58,133633314463663144441413633644641136413366463133144
58,313644133336444133633146666413314444633364444133136
06,644141414666311133336641444466333114413336463314446
58,133646313636311146664444133333646414441331446333366
58,313644133336314666641331441441336464633364444133133
58,313644133336314666641331146414413364646333644441331
06,644141414631136333664144464136633114411336364633146
58,313644133333646664133144144133646463333644444133331
58,363336311146666414441113366314446333336444441333336
06,114446644633141146331463364131463314663131464413314
06,644113144664463314114633314463633364131413644413331
58,313644133336314666641331441464633364444133314411366
58,313644133336666413314144413364646333644441333311314
58,313644133336314666641331444463336444413311413663114
58,133663133144636631444464631364413331144413666313664
58,133646313636311146664444133333644441333644631411466
58,313644133336314666641331441464633313664444413333144
06,644141414666311133336641444413333664144133146336463
58,313644133336314666641314146463333644131466444133133
58,313644133336314666641314146463333146413664444133133
58,313644133333646664133144144136646333644441333133144
58,133633314463663144441336446411313666463133364444131
06,644114414666313141136333644444633314441133363646331
58,133633314463663144636441314463641463331446331411446
58,133633314463663144636414631144636414136314133644663
56,631111363336664414411333636441364414141336446333133
56,631111363336664414411333636441364414141336446331333
58,133633314463663146641136444411336364413644131333644
06,644144463314114633336364144133131464136444413333646
08,146463631146646414411133663364446413141336333644463
58,313644133336314666641331441441364663336444413331441
58,133636363111466644441133633364444113633644631441336
06,644141414666311133336644144413333664144133146336441
58,313644133336444133633146666413314444633336444441313
58,313644133336314666641331441441336446633336444441333
06,644144463314114633336364144133136641413146444633314
58,313644133336314666641331441441336464633364413136414
08,146463631146646414411133663364441413363336444146633
06,644141414666311133336644144413333644133646331444441
58,313644133336666413314131464441336464633364444133331
58,133633314463663144441336441463641113636646313641333
06,146641311444466631331446311466333631411364413144633
58,313644133336666413144463333644444133331446311331466
58,313644133336666413144463333644131466444133131331466
58,313644133336314666641331441464633364444133141133644
08,146463631146644441113366336444141336333644463141463
06,644141414666311113633366441444131336364444133336466
58,313644133336666413314131464441336464633336444441331
58,313644133336666413314414413364646333146364444133131
58,313644133336666413314414413364646333146364444133133
58,313644133336314644413364633664133644444133331146444
06,146641311444466631331446311466333113644131464136364
58,133636363111466644441136333364444413333644631444133
06,644141414666311113633366441444113633364441136336466
58,313644133333646664133141444133646463336444413331314
06,644141414666311133336644144411333636444411363336466
06,644144463314114633331364644114413336314641336446333
06,644114414666313141136333644444633314441133363646314
06,644114414666313141136644633331441336444411333633641
58,133633314463644464131413633663314644463113364641144
56,631314146631113633366644114441133363636441314641331
58,133633314463663146641136444411336364413644131333663
58,133633314463663144446463311363644131446314133644466
06,644141414631136336444113366466414633146331314133646
58,313644133336446331466331446641336444413336444133333
58,133633314463663144446413133663364441463136441331444
58,313644133336314666641331441441364663336444413331411
06,644141414663111366446633311413364413336441366414413
58,313644133336314664144133646463363146413336444441331
58,313644133336666413314144413364646333364444413331314
58,313644133336666413311146444136646333136644444133311
58,313644133336314666641331441441366463333644444133311
58,313644133336666413314444633314133146663644444133313
