4 5 15 20 24 26
9 12 14 15 21 28
3 11 13 19 22 26
1 9 13 17 19 28
1 19 24 25 27 29
9 10 14 16 18 28
2 11 13 21 25 29
3 10 11 16 23 26
1 10 13 14 22 27
4 8 10 20 25 29
7 10 18 19 22 25
0 1 4 11 23 25
0 13 16 17 19 26
3 4 7 13 15 29
2 4 6 7 19 27
7 12 15 16 18 19
3 7 12 14 16 18
4 11 13 16 26 28
2 8 16 20 28 29
3 11 22 23 24 28
2 4 7 13 17 26
1 9 15 23 25 27
5 7 11 19 21 24
3 8 13 17 27 28
3 10 12 15 25 27
11 13 19 21 25 29
4 8 9 11 15 27
0 4 7 11 22 24
4 8 9 12 23 28
6 8 9 11 20 28
1 5 7 9 12 24
0 2 4 11 13 21
3 5 6 12 13 19
1 12 14 19 21 29
2 7 15 19 20 26
9 21 23 24 26 29
3 5 11 15 18 21
2 11 17 21 22 26
4 8 22 23 28 29
4 7 19 24 26 29
5 12 13 18 19 20
1 5 11 13 14 23
0 11 13 16 17 25
5 8 10 14 17 21
0 2 4 6 14 27
1 8 10 15 24 27
0 7 9 10 21 27
1 13 16 17 21 27
3 4 10 19 22 24
10 11 12 17 20 22
6 12 13 16 17 27
2 10 14 17 25 28
1 2 6 17 24 27
0 6 10 13 22 27
5 12 18 23 25 27
0 4 11 13 21 26
2 7 9 10 14 27
0 2 3 5 7 17
7 8 9 12 18 26
5 6 12 13 19 27
11 18 19 21 22 28
6 8 9 19 28 29
3 10 17 18 20 23
0 14 15 17 19 24
6 7 10 18 22 27
5 6 12 14 21 29
1 6 12 19 20 21
5 9 10 12 17 18
0 2 7 14 18 26
1 6 10 14 20 29
3 9 14 27 28 29
3 7 15 20 26 29
7 14 18 20 25 29
3 7 11 15 19 23
12 18 19 21 24 28
8 13 19 20 24 28
14 21 24 25 26 29
1 8 18 23 24 25
5 6 12 13 14 18
4 13 21 23 25 29
5 8 9 14 21 25
2 9 21 23 28 29
0 5 6 8 25 26
1 8 9 14 20 25
3 6 9 12 23 29
9 10 20 22 24 25
2 6 9 10 24 27
2 3 16 17 18 26
12 13 15 18 26 29
8 19 22 27 28 29
1 6 7 9 15 26
2 4 16 21 22 26
12 13 19 23 27 29
2 5 9 10 13 16
10 12 16 23 24 28
4 5 6 11 18 24
2 7 12 15 18 19
9 10 15 16 22 25
1 8 11 15 23 25
2 4 6 9 24 29
8 9 10 20 25 29
3 4 19 20 21 26
0 8 11 23 25 29
2 4 15 20 24 25
0 4 5 6 23 28
9 14 15 18 22 23
7 9 11 16 17 22
1 12 16 20 25 29
4 7 11 13 23 28
2 9 14 18 21 26
4 7 9 10 12 27
2 6 12 14 23 29
1 2 9 13 17 26
2 3 14 17 24 26
2 7 11 17 22 29
0 4 7 11 25 28
4 10 16 17 20 23
1 14 16 22 24 27
0 3 4 9 17 19
10 12 13 15 28 29
1 10 12 16 17 22
5 9 10 14 17 21
6 9 15 21 24 25
4 10 13 15 18 23
2 7 15 21 22 27
6 7 12 16 18 22
4 5 10 25 26 29
1 4 6 8 10 12
3 9 14 16 28 29
3 7 12 13 16 27
12 15 19 20 24 28
1 4 9 12 14 16
0 8 9 20 24 26
1 2 11 14 21 25
3 6 7 11 12 23
0 2 3 14 23 27
3 11 21 22 27 28
1 3 8 14 21 25
2 6 20 21 24 28
1 7 13 18 19 20
6 10 15 19 24 27
1 4 13 14 26 28
5 8 9 23 24 28
1 10 12 13 25 27
2 14 18 21 25 27
9 14 20 21 24 29
4 5 8 9 16 27
0 4 19 26 27 29
5 12 16 17 19 27
3 8 11 13 27 29
5 7 12 19 22 28
1 7 10 18 20 24
1 6 7 10 21 29
3 7 10 14 20 22
9 10 20 21 23 26
4 14 15 21 27 29
12 13 18 21 23 24
10 13 16 20 27 28
0 1 2 3 15 27
1 11 13 19 20 22
2 9 18 20 22 25
10 12 16 22 23 24
5 10 16 19 24 26
9 12 13 14 24 28
2 4 8 24 27 29
8 9 11 16 17 23
0 10 11 14 21 25
0 10 16 21 23 27
5 8 11 16 20 24
0 1 9 10 12 29
0 2 3 14 24 28
1 6 9 13 24 29
4 13 15 20 24 26
7 10 12 15 16 26
0 10 16 17 20 25
0 3 9 15 16 23
3 6 7 16 22 29
1 4 7 9 17 27
6 9 13 24 26 27
7 8 9 12 18 27
0 9 11 14 21 24
6 10 13 22 26 27
0 3 6 14 22 24
0 8 14 21 24 25
8 10 13 17 22 25
14 15 23 24 26 29
6 14 15 19 23 26
4 7 9 16 19 22
1 2 4 6 8 21
0 3 4 8 14 15
0 3 14 20 22 25
6 11 16 20 22 26
7 12 14 19 21 24
3 4 5 18 21 27
2 5 7 10 18 22
1 2 3 15 27 28
3 6 7 8 11 18
5 7 18 19 22 24
4 9 10 18 21 22
2 10 13 26 27 29
11 16 17 20 22 24
0 3 10 11 13 21
3 6 10 18 20 26
8 10 16 19 20 25
1 8 9 17 18 21
2 5 6 10 19 28
1 6 8 12 20 29
6 12 15 18 20 21
10 11 15 20 22 28
1 5 8 20 25 27
7 10 13 14 25 28
0 4 12 16 17 26
4 16 19 20 25 26
0 2 5 15 26 28
6 10 11 14 25 29
5 12 21 22 23 24
0 15 16 20 23 26
5 13 19 24 25 28
0 1 2 11 22 25
12 14 16 17 24 27
7 12 15 18 26 28
1 9 14 16 17 21
0 3 4 9 10 15
4 9 10 20 28 29
2 5 21 22 24 27
2 5 23 25 28 29
3 9 20 22 23 26
1 12 14 17 24 26
5 11 17 18 19 25
3 6 8 10 15 26
1 2 7 8 10 20
0 8 10 23 24 28
2 3 10 17 21 25
6 12 14 23 25 27
0 3 11 23 26 28
5 8 17 18 19 25
4 5 9 16 25 29
5 8 9 14 17 25
1 9 12 15 25 28
0 4 7 13 23 27
2 8 16 17 24 29
3 4 12 13 22 29
2 5 10 12 22 24
0 3 6 12 18 29
0 7 9 13 15 22
3 6 7 8 11 13
8 14 15 22 26 27
2 3 20 26 28 29
5 8 10 13 18 22
7 9 10 12 21 28
0 3 6 7 10 22
0 2 16 18 26 29
3 4 6 7 22 26
8 14 15 19 21 25
1 13 17 18 28 29
18 20 25 26 27 29
1 9 10 17 22 29
4 10 12 23 24 27
3 12 15 22 26 28
3 11 20 21 22 29
3 8 14 16 17 23
4 8 10 13 18 20
2 8 12 17 21 24
1 5 6 13 15 21
1 5 6 8 13 17
6 7 8 10 12 18
1 4 16 20 25 26
0 10 11 14 21 26
8 11 14 16 20 25
4 7 11 14 20 27
2 11 16 21 22 27
9 11 14 15 19 25
0 7 14 16 17 28
1 3 14 23 25 29
1 6 8 13 26 27
4 5 10 14 15 21
1 2 5 18 21 24
5 19 20 22 24 27
10 21 26 27 28 29
1 5 11 18 19 22
1 2 8 20 25 26
8 10 15 22 24 25
5 8 9 15 22 24
5 10 13 22 24 25
2 12 16 17 20 22
5 10 11 15 17 26
4 12 15 20 26 29
1 6 9 18 21 29
7 11 17 20 26 28
5 8 9 18 23 27
4 9 11 12 13 25
1 7 9 10 13 21
2 11 20 22 25 28
15 19 22 23 24 29
0 3 7 18 20 24
0 3 7 8 26 28
3 8 10 14 19 21
0 1 6 7 15 26
14 16 17 20 21 26
8 14 17 20 22 24
2 3 9 20 26 28
1 5 15 16 17 28
7 9 14 15 16 24
2 7 9 10 18 21
0 2 15 16 18 21
0 3 6 11 13 17
5 6 12 18 24 26
7 9 11 13 16 20
0 9 11 13 23 26
6 7 19 20 24 27
0 2 10 11 15 16
1 3 4 7 11 18
0 1 17 20 22 24
1 8 12 16 19 24
7 16 18 24 27 29
5 8 11 17 23 24
0 11 15 25 26 29
1 3 9 14 23 25
6 7 10 14 21 28
3 13 14 16 17 29
3 5 6 20 24 26
6 7 13 17 19 28
17 22 23 24 26 27
2 9 10 13 14 28
0 6 7 24 27 28
7 11 17 18 22 24
5 8 9 10 18 19
3 9 23 25 26 29
3 9 11 12 25 29
0 1 2 5 8 13
6 8 10 14 20 25
0 3 14 17 20 26
0 6 7 13 22 26
0 8 9 14 19 22
0 3 9 15 16 20
3 7 10 11 25 26
0 3 11 14 21 28
9 11 17 21 27 29
2 7 8 12 18 21
3 10 14 20 26 29
5 6 10 13 15 21
7 8 16 17 18 22
5 9 20 21 27 29
1 8 9 12 17 21
7 16 17 19 20 23
9 12 13 14 17 23
2 4 6 7 9 22
2 7 9 16 17 18
11 15 17 18 24 26
2 4 11 20 23 26
2 5 6 21 23 27
2 3 9 19 25 29
3 7 8 15 18 29
0 6 7 12 22 23
1 5 11 12 23 28
3 4 8 14 18 22
1 12 16 19 22 23
7 9 13 25 28 29
2 3 8 11 17 28
5 7 10 17 20 24
8 11 15 24 25 28
1 2 6 14 25 29
7 8 15 18 24 29
1 2 9 13 17 19
1 8 12 16 24 28
0 1 6 14 15 26
0 4 12 17 20 29
3 11 13 15 19 28
10 15 18 24 26 27
1 4 8 9 14 17
3 11 13 17 26 29
0 3 21 24 26 29
4 12 14 15 18 29
0 2 10 15 23 26
3 4 6 8 25 29
6 8 11 16 22 29
14 19 21 27 28 29
4 10 19 25 26 29
7 10 14 17 22 23
0 4 9 15 17 29
9 10 11 13 14 15
3 4 14 18 22 25
3 4 8 11 14 19
6 9 10 20 21 25
0 2 4 6 11 22
5 12 17 18 27 28
1 2 15 18 21 28
0 3 5 6 11 14
9 11 13 21 23 29
1 8 11 15 20 23
2 3 10 13 15 28
0 3 8 11 17 29
0 2 14 16 26 29
2 4 9 10 18 26
0 2 18 20 22 27
7 9 11 14 23 27
14 17 23 25 28 29
1 5 23 27 28 29
3 7 22 26 28 29
2 3 14 18 23 26
4 8 9 12 13 25
0 9 11 14 16 21
0 1 4 11 16 22
3 5 10 19 24 29
7 9 16 18 26 28
2 14 16 18 19 21
10 12 13 20 25 27
4 6 13 20 21 29
10 16 19 25 28 29
0 2 4 8 10 15
2 5 9 17 18 19
2 11 12 16 20 22
1 7 9 11 17 23
3 4 8 10 14 26
2 5 7 15 20 24
4 7 11 12 17 21
0 1 11 14 23 26
7 10 12 14 17 19
5 13 15 16 19 24
3 6 15 17 21 23
6 13 14 22 23 24
3 14 16 18 21 26
7 9 14 15 24 27
3 14 21 27 28 29
3 7 9 18 23 26
1 4 7 11 25 26
3 7 8 10 13 25
2 6 7 13 18 26
4 11 17 22 23 27
1 3 8 9 13 20
0 6 12 19 24 28
1 2 9 13 25 27
1 2 8 15 19 23
15 19 22 24 25 27
3 7 9 15 19 22
5 10 14 19 24 27
4 5 10 12 23 26
0 2 4 7 11 13
5 8 13 17 18 27
8 11 13 14 26 28
15 17 20 22 26 28
1 5 10 13 14 17
2 3 12 13 14 26
11 15 21 22 24 28
5 19 21 24 25 27
2 8 14 19 27 28
0 4 7 11 21 25
8 10 12 13 16 28
9 10 12 13 18 20
2 6 7 10 11 20
5 11 16 18 19 20
5 9 11 12 21 29
1 7 8 12 14 17
3 12 13 15 19 29
2 5 6 9 11 28
9 15 19 24 25 29
6 8 10 15 16 22
2 5 12 21 24 25
1 4 11 14 20 27
5 12 16 18 20 29
3 6 8 19 24 26
15 19 21 23 25 29
0 4 9 13 15 18
4 13 16 17 23 28
4 8 11 12 14 20
